# x1, x2, y
-5.275982449479626801e+00 -2.040590402991976582e+00 0.000000000000000000e+00
-1.829143213117900846e+00 8.088480116219125549e-01 0.000000000000000000e+00
-2.114471898740757361e-01 4.467134437857714246e+00 0.000000000000000000e+00
-2.040590402991976582e+00 5.275982449479626801e+00 0.000000000000000000e+00
-2.743714819676851491e+00 1.213272017432868832e+00 0.000000000000000000e+00
-1.934866808054938936e+00 3.042415230550769678e+00 0.000000000000000000e+00
-2.849438414613889137e+00 3.446839236361725956e+00 0.000000000000000000e+00
-3.956986837109720323e+00 -1.530442802243982658e+00 0.000000000000000000e+00
2.114471898740757361e-01 -4.467134437857714246e+00 1.000000000000000000e+00
1.829143213117900846e+00 -8.088480116219125549e-01 1.000000000000000000e+00
1.126018796433026381e+00 -4.871558443668670080e+00 1.000000000000000000e+00
3.253862420424845414e+00 -2.532267629802775311e+00 1.000000000000000000e+00
3.658286426235801692e+00 -1.617696023243825110e+00 1.000000000000000000e+00
4.062710432046758413e+00 -7.031244166848746868e-01 1.000000000000000000e+00
2.743714819676851491e+00 -1.213272017432868832e+00 1.000000000000000000e+00
4.467134437857714246e+00 2.114471898740757361e-01 1.000000000000000000e+00
