# x1, x2, y
-1.577917768536997389e+00 5.083486200422878909e+00 0.000000000000000000e+00
4.748419812293875886e-01 5.516235029890156127e+00 1.000000000000000000e+00
-3.139639088507196529e+00 7.109513384204533715e+00 1.000000000000000000e+00
-9.079108277714400543e-01 7.550156841417466680e+00 1.000000000000000000e+00
-1.061437869498104369e+00 1.312979051827816823e+00 0.000000000000000000e+00
-1.253149592144142233e+00 1.601331812365551777e+00 0.000000000000000000e+00
5.739318838808098455e-01 -3.812101851370800487e-01 1.000000000000000000e+00
1.216262260780320847e+00 -4.989328997362854068e-01 1.000000000000000000e+00
6.103327478275608620e-01 4.830632576027799274e+00 0.000000000000000000e+00
1.618335999093927668e+00 -8.804533268317127348e-01 1.000000000000000000e+00
-5.078043226113917452e-01 3.828669498385500525e+00 0.000000000000000000e+00
1.939750783436419601e+00 -9.470684227239314357e-01 1.000000000000000000e+00
-2.739277296338113121e+00 5.747189156997229098e+00 0.000000000000000000e+00
2.457733358162832893e+00 5.140164396255569201e+00 0.000000000000000000e+00
-3.966707273381500531e+00 6.401691278573072630e+00 1.000000000000000000e+00
2.503799342374547265e+00 3.369035272255610280e+00 0.000000000000000000e+00
-3.296433061590691604e+00 7.966905518804257902e+00 1.000000000000000000e+00
-2.984306383078026759e+00 7.003034644774055906e+00 1.000000000000000000e+00
-2.667772984859273055e+00 4.805539806665346525e+00 0.000000000000000000e+00
-3.256397296233935812e+00 8.122273806410706953e+00 1.000000000000000000e+00
1.696842916786060584e+00 4.772397177817609304e+00 1.000000000000000000e+00
3.539933999559805144e+00 4.726281129249194635e+00 0.000000000000000000e+00
-2.778519571451647074e+00 6.442345899388255859e+00 0.000000000000000000e+00
-2.789774230780105668e+00 3.442155620102894886e+00 0.000000000000000000e+00
-4.334915947114446055e+00 7.193387000955402399e+00 1.000000000000000000e+00
7.657423021240836736e-01 8.924477925552867230e-01 0.000000000000000000e+00
2.541115659647603664e+00 3.318663973524130562e+00 0.000000000000000000e+00
-1.122019870976345146e+00 6.933851985211373581e+00 1.000000000000000000e+00
-5.814862939782618589e+00 3.323950355331361184e+00 1.000000000000000000e+00
-7.639128831811006215e-01 3.243343152080305103e+00 0.000000000000000000e+00
-4.237778388322489320e+00 7.536994126144080930e+00 1.000000000000000000e+00
-4.347581200741326590e+00 7.005187732339365425e+00 1.000000000000000000e+00
2.273342767408044196e+00 3.706478580512969412e+00 0.000000000000000000e+00
1.351048237580431799e+00 5.935803601942846175e-01 0.000000000000000000e+00
-2.098791683210307291e+00 6.550908391186990087e+00 1.000000000000000000e+00
6.915178446430971793e-01 1.082526821982723764e+00 0.000000000000000000e+00
5.978176845499127978e-01 1.081059591462300018e+00 0.000000000000000000e+00
3.819599756883782504e+00 5.422389578856485315e+00 0.000000000000000000e+00
-2.788397004266188972e+00 3.223191097924862358e+00 0.000000000000000000e+00
2.261198777146339545e+00 1.850575363087389569e+00 0.000000000000000000e+00
6.416881849760924794e-02 3.218500234838045149e+00 0.000000000000000000e+00
-4.127390577913581993e+00 6.488816975422174949e+00 1.000000000000000000e+00
-3.538674827479074914e+00 6.456251448729616094e+00 1.000000000000000000e+00
-2.845766204683674583e-01 1.507475900562614823e+00 0.000000000000000000e+00
-1.483772868749958285e+00 1.108118634550666060e-01 0.000000000000000000e+00
-1.539247249459583688e+00 -7.255153823160093163e-02 0.000000000000000000e+00
3.421573490915394089e+00 6.553139390976195244e+00 0.000000000000000000e+00
-3.779173992353459521e+00 7.039520286946530980e+00 1.000000000000000000e+00
-5.217963364865740417e+00 5.246746377164016373e+00 1.000000000000000000e+00
3.002221869175225155e+00 5.448374140094994766e-01 1.000000000000000000e+00
-4.068207740069726519e+00 5.952870199481592905e+00 1.000000000000000000e+00
6.791424851082681347e-01 1.534013144157980513e+00 0.000000000000000000e+00
1.838508357561497775e+00 3.647653420234052035e+00 0.000000000000000000e+00
-5.222346047589342177e+00 7.403452730553325978e+00 1.000000000000000000e+00
4.086748153450030507e-01 2.883762772040535882e+00 0.000000000000000000e+00
1.272001364625246600e+00 1.028778837045076333e+00 0.000000000000000000e+00
7.242622368331375071e-02 5.041017597405298645e+00 1.000000000000000000e+00
1.673754724081895517e+00 4.062759299127308488e+00 0.000000000000000000e+00
-2.329454757833774037e-01 1.937443280153797076e+00 0.000000000000000000e+00
-1.628488304952135035e+00 3.476739691938080856e+00 0.000000000000000000e+00
