# x1, x2, y
3.155059014207364676e+00 9.603776577228750888e-02 1.000000000000000000e+00
2.544109531908794741e-01 -6.416012375012214441e-02 1.000000000000000000e+00
2.541066139427526238e+00 -3.874162253501253206e-01 1.000000000000000000e+00
-1.549930640088749367e+00 4.388224341420621677e+00 1.000000000000000000e+00
-7.259495990109288144e-02 3.506942994420595650e+00 0.000000000000000000e+00
5.866078676603687647e-01 1.341359282372248662e+00 0.000000000000000000e+00
1.984253904844360150e+00 -1.098811994943809989e+00 1.000000000000000000e+00
-1.265143525670775038e+00 5.607281500800154195e-01 0.000000000000000000e+00
-6.437531051304840268e+00 5.094086923811699030e+00 1.000000000000000000e+00
-1.646549930204725953e+00 7.209723747753810086e-02 0.000000000000000000e+00
1.303547969356508407e+00 3.146970625478512140e+00 0.000000000000000000e+00
-2.642775681651604369e+00 6.301173095159674276e+00 0.000000000000000000e+00
-6.639672969793840807e+00 6.947917913986366045e+00 1.000000000000000000e+00
4.424830024123895811e-01 7.539653446534579473e+00 1.000000000000000000e+00
1.064109052465123995e+00 3.361326837998590555e+00 0.000000000000000000e+00
3.203096610237850861e+00 3.549619548887256393e+00 0.000000000000000000e+00
2.529939252940696548e+00 4.084860078517903226e+00 0.000000000000000000e+00
9.604159001690998343e-01 -1.048376622146533155e+00 1.000000000000000000e+00
1.519888091327160851e+00 2.264340259116200293e+00 0.000000000000000000e+00
-1.931667551689201900e+00 5.708850020874979947e+00 0.000000000000000000e+00
2.744697207859640109e+00 1.682248537174191594e-01 1.000000000000000000e+00
3.777682339098838327e+00 4.165370085739127148e+00 0.000000000000000000e+00
-3.931735491807912819e+00 8.191948649561076934e+00 1.000000000000000000e+00
1.523859966778754682e+00 5.388190955721383624e+00 1.000000000000000000e+00
-3.312621440932174366e+00 4.844297568217346139e+00 0.000000000000000000e+00
2.060834265073026472e+00 -6.802415993866980370e-01 1.000000000000000000e+00
7.844051931516506926e-01 4.102137402975991165e+00 0.000000000000000000e+00
3.954842459954928557e+00 4.135404769529796631e+00 0.000000000000000000e+00
5.349356536993403743e-01 3.230061794724640833e+00 0.000000000000000000e+00
-3.533754209304005300e+00 8.227096709314681178e+00 1.000000000000000000e+00
2.946800962414509950e+00 1.056259227661025868e+00 1.000000000000000000e+00
2.024589617756648252e+00 6.826031284514716413e-02 0.000000000000000000e+00
2.566885494666078515e-01 -3.040238224612068496e-02 1.000000000000000000e+00
-9.272583180709177419e-01 7.191637125615067738e+00 1.000000000000000000e+00
-2.900189320777452284e+00 7.505775565377790670e+00 1.000000000000000000e+00
-1.460376576538845006e+00 5.951694603989578169e+00 1.000000000000000000e+00
4.335407372433767392e+00 5.006557513538008486e+00 0.000000000000000000e+00
3.825107636877929096e+00 4.993336625884630564e+00 0.000000000000000000e+00
1.145949825763987739e-01 4.701370991951388412e+00 0.000000000000000000e+00
1.747576321925487619e+00 -3.321188437435331764e-01 1.000000000000000000e+00
1.101361566822737892e+00 2.695219384036296795e+00 0.000000000000000000e+00
-1.157018954190721427e+00 6.736045658829270977e+00 1.000000000000000000e+00
9.658423891059153554e-01 1.103494827377122511e-01 1.000000000000000000e+00
2.941564912118399544e+00 -9.910355328285019860e-02 1.000000000000000000e+00
3.228524339166170876e+00 5.156022804372142332e+00 0.000000000000000000e+00
-8.736495353079913873e-01 8.643243089805098478e+00 1.000000000000000000e+00
-2.216960675335453601e+00 7.380322624360724504e+00 1.000000000000000000e+00
-2.346207991176447294e+00 5.481442476877044001e+00 0.000000000000000000e+00
1.376469758365662432e+00 -1.952187342683455451e-01 0.000000000000000000e+00
-4.076751062532237846e-01 5.969059350095669458e+00 1.000000000000000000e+00
3.527894689692506525e+00 5.949534069753919852e+00 0.000000000000000000e+00
1.442072174190109635e-01 2.447282222438030841e-01 1.000000000000000000e+00
9.361147397251821101e-01 -2.874057259313950174e-02 0.000000000000000000e+00
3.571777141302137082e+00 3.311807909726341981e-01 1.000000000000000000e+00
1.744835041913301021e-01 1.456279270139479554e+00 0.000000000000000000e+00
-8.179227409902630752e-01 1.342102193272294741e+00 0.000000000000000000e+00
4.728149902615094824e+00 4.169424105281097859e+00 0.000000000000000000e+00
-4.835747777606878905e+00 7.091963599027609533e+00 1.000000000000000000e+00
-6.993919086606247282e-01 1.581758211831661320e+00 0.000000000000000000e+00
1.822113959695530028e+00 -4.293546884853688406e-01 1.000000000000000000e+00
-4.503564291971457578e+00 6.070624064399059883e+00 1.000000000000000000e+00
2.241600591336845305e-01 6.475144730672274918e+00 1.000000000000000000e+00
-6.833211955293924111e-01 1.318919469216231377e+00 0.000000000000000000e+00
-2.068954893091046188e+00 4.889332566140002001e+00 0.000000000000000000e+00
2.074421785323315781e+00 3.586321051612791244e+00 0.000000000000000000e+00
-7.138345718229006653e-01 5.991302784774822143e+00 1.000000000000000000e+00
-1.499028728163426027e+00 5.799436424741482909e+00 1.000000000000000000e+00
-8.470760081975257094e-01 4.132945985928127897e+00 0.000000000000000000e+00
-1.411348535547692906e+00 5.181204621039339209e-01 0.000000000000000000e+00
-1.566875119512284975e+00 6.066099346366756073e+00 1.000000000000000000e+00
-1.730934018660730267e+00 5.705135437788609210e+00 1.000000000000000000e+00
2.544758952427645937e-01 -1.501366138057721455e-01 1.000000000000000000e+00
1.314738073820304720e+00 5.286346218023634691e+00 1.000000000000000000e+00
4.191637826642658382e+00 5.597925696328616141e+00 0.000000000000000000e+00
2.106481717355909833e+00 -8.699689552829574790e-01 1.000000000000000000e+00
-1.293458024299760867e+00 9.871264036119017371e-01 0.000000000000000000e+00
-5.165050312065887717e+00 5.042591778518209722e+00 1.000000000000000000e+00
1.082387832410860895e+00 5.107241213098646426e+00 1.000000000000000000e+00
-3.753483306097031846e+00 7.658382473237271171e+00 1.000000000000000000e+00
2.589046067165986287e+00 -2.395170493425951563e-01 1.000000000000000000e+00
-2.574351406205537263e+00 7.588757079495106694e+00 1.000000000000000000e+00
2.310088436304249093e+00 4.314435024305969257e+00 0.000000000000000000e+00
3.229628813094809203e+00 6.366236672516024875e+00 0.000000000000000000e+00
-8.381046281905843998e-01 7.402146932880794949e+00 1.000000000000000000e+00
-8.694415519032365758e-01 2.649345214596197540e+00 0.000000000000000000e+00
-1.352112086761399379e+00 5.764510412819452867e+00 1.000000000000000000e+00
6.857842118726022174e-02 8.032626990984486071e-01 1.000000000000000000e+00
9.970642868886825383e-01 9.366891008557096665e-01 0.000000000000000000e+00
-4.247813500556430810e+00 4.788285126160537253e+00 1.000000000000000000e+00
-4.820819731738017921e+00 6.194796551435895360e+00 1.000000000000000000e+00
1.388176599609085127e+00 3.197377256572153659e+00 0.000000000000000000e+00
-1.877481119369909468e+00 8.509472680366371833e+00 1.000000000000000000e+00
-3.452024111636633030e+00 6.922461948239497787e+00 1.000000000000000000e+00
9.092905201163137274e-02 -1.058935975661233070e-01 1.000000000000000000e+00
-1.216764673008247089e+00 6.283077249592609270e+00 1.000000000000000000e+00
-3.590464059280269460e-01 3.793502018064528691e+00 1.000000000000000000e+00
-5.756371081315469596e+00 6.482743282701328269e+00 1.000000000000000000e+00
-2.538722074655134886e+00 6.983060567561805598e+00 1.000000000000000000e+00
1.517714861413301364e+00 3.375236021340638715e+00 0.000000000000000000e+00
1.442367336642808917e+00 -1.006304946489803953e+00 1.000000000000000000e+00
-1.135001460604715406e+00 6.438455223005778993e-01 0.000000000000000000e+00
-7.672362998384060773e-02 2.739615328620665369e-01 1.000000000000000000e+00
-9.438426621049889054e-01 3.848853695399885755e+00 0.000000000000000000e+00
-2.237937855931698028e+00 4.120334626980866943e+00 0.000000000000000000e+00
4.940587694768741045e-01 4.404817707285903161e+00 0.000000000000000000e+00
-1.540881827912759627e+00 5.895435446318497696e+00 1.000000000000000000e+00
-6.026224691046253579e-01 1.015557465133271497e+00 0.000000000000000000e+00
-1.301315299405956250e+00 7.138935623304951683e+00 1.000000000000000000e+00
3.286230005718092428e+00 2.206503745906635006e-01 1.000000000000000000e+00
-5.651558946090331492e-01 2.266366451851771657e+00 0.000000000000000000e+00
-3.874492915370121082e+00 7.423379567500595577e+00 1.000000000000000000e+00
1.345612674958315935e+00 9.560826194976003167e-01 0.000000000000000000e+00
-2.519366357798086042e+00 5.129376658177861259e+00 0.000000000000000000e+00
3.558387200119677907e+00 4.914622530580263771e+00 0.000000000000000000e+00
2.854966572532053881e-01 1.428823862170162773e+00 0.000000000000000000e+00
-3.076383465995331079e+00 3.705530189131895025e+00 0.000000000000000000e+00
2.334332599786357598e-01 1.587826941260235047e+00 0.000000000000000000e+00
1.366972803552093385e+00 1.144187918638856383e+00 0.000000000000000000e+00
-2.889126936508365606e+00 5.482592184459251783e+00 1.000000000000000000e+00
-1.078405140355374048e+00 3.752054412072982181e+00 0.000000000000000000e+00
3.535890726138738671e+00 4.686040083441524118e+00 0.000000000000000000e+00
-1.455879002363124286e+00 1.257972584155839235e-01 0.000000000000000000e+00
-1.744961079130179282e+00 4.558762678868472307e+00 0.000000000000000000e+00
-1.675932569425775398e-01 3.269667116467901202e+00 0.000000000000000000e+00
-2.693515512331136730e+00 5.869294042323737415e+00 0.000000000000000000e+00
1.050329227810775645e+00 3.600358636465836426e+00 0.000000000000000000e+00
1.622525947013861713e-01 5.346883235996962025e-01 1.000000000000000000e+00
2.218679153423122052e+00 3.893247633526812912e+00 0.000000000000000000e+00
-3.061677341676188213e+00 4.097971146597116920e+00 0.000000000000000000e+00
1.314573103122328224e+00 -4.447249588164560730e-01 0.000000000000000000e+00
-6.133522258006360417e+00 5.361110042912182294e+00 1.000000000000000000e+00
-2.660069974024038331e+00 8.297680473825618463e+00 1.000000000000000000e+00
1.605916340730453307e+00 -1.015560206504221963e+00 1.000000000000000000e+00
-2.339045232633027993e-01 3.183719328242546887e+00 0.000000000000000000e+00
3.334116799934212061e+00 -4.310992054934346951e-02 1.000000000000000000e+00
2.873974751198284494e+00 6.037690391409068269e+00 0.000000000000000000e+00
3.129721687214201076e+00 3.767545687784994879e+00 0.000000000000000000e+00
-5.592454614762788268e+00 6.044494314014461800e+00 1.000000000000000000e+00
8.813295516148993425e-01 1.574664183627164371e-01 0.000000000000000000e+00
-5.790448799446726191e+00 6.268227209686583201e+00 1.000000000000000000e+00
2.747146493444557080e+00 -3.661344932438074240e-01 1.000000000000000000e+00
2.673422096610170717e-01 2.907120665538832083e-01 1.000000000000000000e+00
-1.415390339341388026e+00 8.209684830845580095e+00 1.000000000000000000e+00
-5.872606225299787042e+00 5.877387818291075483e+00 1.000000000000000000e+00
-3.343956480617447546e+00 5.525382995343765202e+00 0.000000000000000000e+00
1.784467350091940574e+00 3.987519454527448104e-02 0.000000000000000000e+00
-3.416256344834798675e+00 5.444639173648869956e+00 1.000000000000000000e+00
3.261372352925873130e-02 5.997373315404571414e+00 1.000000000000000000e+00
-6.207841336447357250e-01 4.316725353824338640e+00 0.000000000000000000e+00
8.541457868756991978e-01 2.790245056837737714e+00 0.000000000000000000e+00
-1.436479928470241418e+00 5.842546622095403208e+00 0.000000000000000000e+00
1.659751939426305611e+00 2.689933475113877925e+00 0.000000000000000000e+00
1.359431488058647775e+00 8.761657720956136375e-01 0.000000000000000000e+00
-1.650106474781448895e+00 3.725747303423450618e-01 0.000000000000000000e+00
-1.278318832397919547e+00 6.475590946466014408e-01 0.000000000000000000e+00
-8.436643343770089398e-01 1.295046782021287202e+00 0.000000000000000000e+00
4.618741340764964676e-01 5.796453174485352910e+00 1.000000000000000000e+00
9.119097276490887305e-01 1.008939206773903585e+00 0.000000000000000000e+00
-9.808049045899127627e-01 8.948071632614558180e-01 0.000000000000000000e+00
3.027782487456679661e+00 2.814468621970505957e+00 0.000000000000000000e+00
1.612226852514835995e+00 -3.752624596560788506e-02 1.000000000000000000e+00
-5.889438229970597405e+00 4.297836295450053967e+00 1.000000000000000000e+00
2.890347182750435451e+00 5.016289743286753477e+00 0.000000000000000000e+00
6.497983518402279390e-01 1.089004243153087081e+00 0.000000000000000000e+00
3.723239634346566795e-01 4.692564661958208205e+00 1.000000000000000000e+00
2.068878326322933781e+00 3.236140241210665902e+00 0.000000000000000000e+00
-1.003404050515791290e+00 5.695236597308923621e+00 1.000000000000000000e+00
5.588866302294546173e-01 7.005249705597359267e+00 1.000000000000000000e+00
-5.390925311564746636e+00 5.367702217314341162e+00 1.000000000000000000e+00
-4.202379466140092390e+00 5.815306667972580001e+00 0.000000000000000000e+00
1.230677763531690116e+00 6.708868307588548019e-01 0.000000000000000000e+00
-1.432507845631538768e+00 2.937551867388223492e+00 0.000000000000000000e+00
-1.391089113888381412e+00 4.468216426039603562e+00 0.000000000000000000e+00
7.484071770283806657e-01 4.699865690205713875e+00 1.000000000000000000e+00
-3.188309463239695773e+00 6.415672809492648732e+00 1.000000000000000000e+00
4.914296228721033721e-02 -7.410218086127387527e-02 1.000000000000000000e+00
1.259057422924788394e+00 -7.811935283623525628e-01 1.000000000000000000e+00
-5.823624252922035005e-01 3.024494647197542463e+00 0.000000000000000000e+00
6.404176120573707998e-01 -6.282710034489046302e-01 1.000000000000000000e+00
1.693494367590329119e+00 4.177256512900153318e+00 0.000000000000000000e+00
5.359879091894048653e-01 1.264178083441540146e+00 0.000000000000000000e+00
-9.159932747692690613e-01 1.282343331999826974e+00 0.000000000000000000e+00
2.687913261048888725e+00 -5.407343534041262334e-01 1.000000000000000000e+00
6.765789216829860564e-01 4.346909245296055602e+00 1.000000000000000000e+00
-1.490788842915702572e+00 7.701082319916136010e-02 0.000000000000000000e+00
-3.274147050634398148e+00 5.175309647195612150e+00 1.000000000000000000e+00
3.103316329452807110e-01 -5.767956262410958157e-01 1.000000000000000000e+00
7.999992058857479105e-01 -3.717948091673481392e-01 1.000000000000000000e+00
-6.225984280354527556e+00 4.925484040135157393e+00 1.000000000000000000e+00
-3.464529096632794847e+00 5.492665439694869534e+00 0.000000000000000000e+00
2.150587123167386316e+00 3.494289202503819247e+00 0.000000000000000000e+00
-1.153088895139670500e+00 7.406656195827332922e+00 1.000000000000000000e+00
-2.291753425684493473e-01 4.278586686366331882e-01 1.000000000000000000e+00
2.368340120514053293e+00 5.970945908404475810e-01 1.000000000000000000e+00
-9.154976923277986511e-01 6.763174735486435551e+00 1.000000000000000000e+00
1.818234420418098907e-01 2.463117937503299437e+00 0.000000000000000000e+00
-4.848563614918054654e+00 6.646742176922469270e+00 1.000000000000000000e+00
-2.420689276910779064e+00 4.800096572565806241e+00 0.000000000000000000e+00
-1.173150049287740915e+00 5.775079553719914216e+00 1.000000000000000000e+00
2.210076703909082507e+00 -6.701213163698011011e-01 1.000000000000000000e+00
-1.548483075471268400e+00 1.064648807998963775e+00 0.000000000000000000e+00
2.201857740113581485e+00 3.727328533375948716e+00 0.000000000000000000e+00
-4.562941266715363042e+00 8.500396329451575639e+00 1.000000000000000000e+00
-8.451311644814278878e-01 7.099267927218392948e+00 1.000000000000000000e+00
-9.990283409398803549e-01 1.535263684415595131e+00 0.000000000000000000e+00
-5.860640022064437460e+00 4.555814461571156215e+00 1.000000000000000000e+00
6.356551421065157470e-01 5.710386890622277889e+00 1.000000000000000000e+00
2.846044619115795093e-01 1.725402404376926047e+00 0.000000000000000000e+00
-6.798851417686338494e-02 4.292150479844384359e-01 1.000000000000000000e+00
-5.064377674405781349e+00 6.173310633032130568e+00 1.000000000000000000e+00
-1.130256180326195459e+00 4.750860425502897222e+00 0.000000000000000000e+00
2.993177909106643053e+00 -7.229254657236802717e-02 1.000000000000000000e+00
1.888969876586923391e-01 5.216950519061469116e+00 1.000000000000000000e+00
-1.482696957292658269e+00 4.808976644935361477e+00 0.000000000000000000e+00
-4.495423276874012330e+00 5.695296233522982199e+00 1.000000000000000000e+00
-2.347546776609649388e+00 5.062930983292432963e+00 0.000000000000000000e+00
-1.429879367341192253e+00 7.610392821613118031e+00 1.000000000000000000e+00
2.043931932017165387e+00 3.229386095897131881e+00 0.000000000000000000e+00
2.632651730030497461e+00 4.884406065084089477e+00 0.000000000000000000e+00
1.322075647393551989e+00 3.797533197979029218e+00 1.000000000000000000e+00
2.399034814767001311e+00 -4.516110507852506561e-01 1.000000000000000000e+00
2.976597553031029797e+00 2.356264527974889056e+00 0.000000000000000000e+00
1.310282930282437475e+00 -1.000831093430364360e+00 1.000000000000000000e+00
-5.196523094713789703e-01 3.080652452055316459e+00 0.000000000000000000e+00
-1.548307357452809452e+00 3.612653873586733067e+00 0.000000000000000000e+00
1.584268126100827345e-01 5.190672957122383080e-01 0.000000000000000000e+00
-2.034928378909659497e+00 8.276709586548742337e+00 1.000000000000000000e+00
-2.383548657805114601e+00 8.181990474805903801e+00 1.000000000000000000e+00
-1.345062301982441699e+00 3.905889883934431928e-01 0.000000000000000000e+00
3.098195996867871838e-01 -5.966081160442100462e-01 1.000000000000000000e+00
1.545231232726736792e+00 7.712751095095788934e+00 1.000000000000000000e+00
2.827855335654632096e+00 2.329215847511871273e-01 1.000000000000000000e+00
-2.935472885313922475e+00 4.393867030348580727e+00 0.000000000000000000e+00
2.881399935273556423e+00 4.083141030478458333e+00 0.000000000000000000e+00
-5.385019452412036500e-01 3.445463780655407149e+00 0.000000000000000000e+00
-4.296683952887612179e+00 8.039617052610672943e+00 1.000000000000000000e+00
-6.377345263141499743e+00 4.089782412999975136e+00 1.000000000000000000e+00
-1.063465402825660711e-01 7.806567628633439782e+00 1.000000000000000000e+00
1.646294689207423279e+00 -7.606483768997940320e-01 1.000000000000000000e+00
2.678792118832649116e-01 3.848051925181620980e+00 1.000000000000000000e+00
