# x1, x2, y
-9.687023164712609269e-01 -3.971518974093076748e-01 0.000000000000000000e+00
7.334647538603482619e-01 7.216336747631031390e-01 0.000000000000000000e+00
3.021107763832235338e-01 3.184246917506179386e-01 1.000000000000000000e+00
-5.803748327459520157e-02 1.005067119760845173e+00 0.000000000000000000e+00
-9.884789382464342911e-01 5.767074914644198386e-02 0.000000000000000000e+00
4.860618152818434456e-01 -1.071775866127535892e-01 1.000000000000000000e+00
-2.723471362983554203e-02 -9.266324790236547537e-01 0.000000000000000000e+00
3.973034223000924681e-01 -4.065101125375263913e-01 1.000000000000000000e+00
-2.433632079556072858e-01 -3.196128176147905453e-01 1.000000000000000000e+00
3.023201563346365472e-01 4.854241842574531507e-01 1.000000000000000000e+00
5.043811793818954170e-01 -1.871482823882003599e-01 1.000000000000000000e+00
-3.663045531241322372e-01 9.739861353802473642e-01 0.000000000000000000e+00
-6.815004470970347228e-01 6.781341666959775916e-01 0.000000000000000000e+00
1.066885505282060498e+00 9.792529724412668210e-03 0.000000000000000000e+00
-1.576885974833093229e-01 -4.147222179014197763e-01 1.000000000000000000e+00
-4.488836840334399225e-01 -5.148644643338754628e-04 1.000000000000000000e+00
-9.586223643657435511e-01 3.218844185772798960e-01 0.000000000000000000e+00
4.179059768242052719e-01 8.713463494514153140e-01 0.000000000000000000e+00
-2.914208959201103899e-01 -9.888664829436101256e-01 0.000000000000000000e+00
-4.746393737599878260e-01 -1.687637724833809250e-01 1.000000000000000000e+00
-7.201951834903151939e-01 -7.281216726375889792e-01 0.000000000000000000e+00
4.281399649075665059e-02 5.484383810030750706e-01 1.000000000000000000e+00
9.055378524232775561e-01 3.642158743259197307e-01 0.000000000000000000e+00
-5.144081382798431079e-01 1.846149374070391314e-01 1.000000000000000000e+00
3.543057213294454333e-01 -9.455058140847656389e-01 0.000000000000000000e+00
-2.824385621181241812e-01 3.280428677847233576e-01 1.000000000000000000e+00
-1.918890779005755221e-01 4.946180179156655088e-01 1.000000000000000000e+00
1.916486947471929270e-01 -5.409290901240821903e-01 1.000000000000000000e+00
6.603504914646216584e-01 -6.611634956342868907e-01 0.000000000000000000e+00
3.690711123621402412e-01 1.058711396582524833e-01 1.000000000000000000e+00
8.361179568358939607e-02 -5.394771097424854167e-01 1.000000000000000000e+00
8.672184997333219902e-01 -4.120621478004980465e-01 0.000000000000000000e+00
